x y
26 61
26 61
26 61
26 61
26 61
26 61
26 61
26 61
26 61
26 61
26 61
26 61
26 61
26 61
26 61
26 61
26 61
26 61
26 61
26 61
26 61
26 61
26 61
26 61
26 61
26 61
26 61
26 61
26 61
26 61
26 61
26 61
26 61
26 61
26 61
26 61
26 61
26 61
26 61
26 61
26 61
26 61
26 61
26 61
26 61
26 61
26 61
26 61
26 61
26 61
26 61
26 61
26 61
26 61
26 61
26 61
26 61
26 61
26 61
26 61
26 61
26 61
26 61
26 61
26 61
26 61
26 61
26 61
26 61
26 61
26 61
26 61
26 61
26 61
26 61
26 61
26 61
26 61
26 61
26 61
26 61
26 61
26 61
26 61
26 61
26 61
26 61
26 61
26 61
26 61
15 79
15 79
15 79
15 79
15 79
15 79
15 79
15 79
15 79
15 79
15 79
15 79
15 79
15 79
15 79
15 79
15 79
15 79
15 79
15 79
15 79
15 79
15 79
15 79
15 79
15 79
15 79
15 79
15 79
15 79
15 79
15 79
16 59
16 59
16 59
16 59
16 59
16 59
16 59
16 59
16 59
16 59
16 59
16 59
16 59
16 59
16 59
16 59
16 59
16 59
16 59
16 59
16 59
16 59
16 59
16 59
16 59
16 59
16 59
16 59
16 59
16 59
16 59
16 59
16 59
16 59
16 59
16 59
16 59
16 59
16 59
16 59
16 59
16 59
16 59
16 59
16 59
16 59
21 67
21 67
21 67
21 67
21 67
21 67
21 67
21 67
21 67
21 67
21 67
21 67
21 67
21 67
21 67
21 67
21 67
21 67
21 67
21 67
21 67
21 67
16 27
16 27
16 27
16 27
16 27
16 27
16 27
16 27
16 27
16 27
16 27
16 27
16 27
16 27
16 27
16 27
16 27
16 27
32 91
32 91
32 91
31 40
31 40
31 40
31 40
31 40
31 40
31 40
31 40
31 40
31 40
31 40
31 40
31 40
31 40
31 40
31 40
31 40
31 40
31 40
31 40
31 40
31 40
31 40
31 40
31 40
31 40
31 40
31 40
31 40
31 40
31 40
31 40
